0	561fdaa21c48820ce883921a	0.03125	0.03125	0.03125	0.03125	0.03125	0.03125	0.15625	0.03125	0.03125	0.03125	0.03125	0.03125	0.15625	0.03125	0.03125	0.03125	0.03125	0.03125	0.15625	0.03125
1	561fdaa21c48820ce883921b	0.027777777777777776	0.027777777777777776	0.027777777777777776	0.027777777777777776	0.027777777777777776	0.027777777777777776	0.027777777777777776	0.027777777777777776	0.027777777777777776	0.027777777777777776	0.4722222222222222	0.027777777777777776	0.027777777777777776	0.027777777777777776	0.027777777777777776	0.027777777777777776	0.027777777777777776	0.027777777777777776	0.027777777777777776	0.027777777777777776
2	561fdaa21c48820ce883921c	0.17105263157894737	0.013157894736842105	0.013157894736842105	0.17105263157894737	0.06578947368421052	0.013157894736842105	0.013157894736842105	0.013157894736842105	0.013157894736842105	0.17105263157894737	0.013157894736842105	0.17105263157894737	0.013157894736842105	0.013157894736842105	0.06578947368421052	0.013157894736842105	0.013157894736842105	0.013157894736842105	0.013157894736842105	0.013157894736842105
3	561fdaa21c48820ce883921d	0.3020833333333333	0.010416666666666666	0.010416666666666666	0.2604166666666667	0.010416666666666666	0.010416666666666666	0.010416666666666666	0.010416666666666666	0.010416666666666666	0.13541666666666666	0.052083333333333336	0.010416666666666666	0.010416666666666666	0.010416666666666666	0.010416666666666666	0.010416666666666666	0.010416666666666666	0.010416666666666666	0.052083333333333336	0.052083333333333336
4	561fdaa21c48820ce883921e	0.21666666666666667	0.016666666666666666	0.016666666666666666	0.08333333333333333	0.016666666666666666	0.15	0.016666666666666666	0.016666666666666666	0.016666666666666666	0.016666666666666666	0.016666666666666666	0.016666666666666666	0.016666666666666666	0.016666666666666666	0.016666666666666666	0.15	0.016666666666666666	0.016666666666666666	0.016666666666666666	0.15
5	561fdaa21c48820ce883921f	0.3557692307692308	0.04807692307692308	0.04807692307692308	0.009615384615384616	0.009615384615384616	0.009615384615384616	0.009615384615384616	0.009615384615384616	0.04807692307692308	0.009615384615384616	0.125	0.009615384615384616	0.08653846153846154	0.009615384615384616	0.009615384615384616	0.125	0.009615384615384616	0.009615384615384616	0.009615384615384616	0.04807692307692308
6	561fdaa21c48820ce8839220	0.4744897959183674	0.025510204081632654	0.00510204081632653	0.0663265306122449	0.00510204081632653	0.00510204081632653	0.00510204081632653	0.00510204081632653	0.00510204081632653	0.025510204081632654	0.00510204081632653	0.27040816326530615	0.00510204081632653	0.00510204081632653	0.00510204081632653	0.00510204081632653	0.0663265306122449	0.00510204081632653	0.00510204081632653	0.00510204081632653
7	561fdaa21c48820ce8839221	0.1893939393939394	0.007575757575757576	0.007575757575757576	0.06818181818181818	0.007575757575757576	0.007575757575757576	0.007575757575757576	0.007575757575757576	0.007575757575757576	0.09848484848484848	0.007575757575757576	0.09848484848484848	0.007575757575757576	0.007575757575757576	0.007575757575757576	0.06818181818181818	0.1893939393939394	0.007575757575757576	0.09848484848484848	0.09848484848484848
8	561fdaa21c48820ce8839223	0.019230769230769232	0.019230769230769232	0.019230769230769232	0.09615384615384616	0.019230769230769232	0.019230769230769232	0.019230769230769232	0.019230769230769232	0.09615384615384616	0.019230769230769232	0.09615384615384616	0.09615384615384616	0.019230769230769232	0.019230769230769232	0.09615384615384616	0.019230769230769232	0.17307692307692307	0.09615384615384616	0.019230769230769232	0.019230769230769232
9	561fdaa21c48820ce8839224	0.025	0.025	0.025	0.025	0.025	0.025	0.025	0.025	0.225	0.025	0.025	0.025	0.025	0.025	0.225	0.025	0.125	0.025	0.025	0.025
10	561fdaa21c48820ce8839225	0.1323529411764706	0.014705882352941176	0.014705882352941176	0.014705882352941176	0.07352941176470588	0.014705882352941176	0.07352941176470588	0.07352941176470588	0.014705882352941176	0.014705882352941176	0.25	0.014705882352941176	0.014705882352941176	0.014705882352941176	0.014705882352941176	0.014705882352941176	0.07352941176470588	0.014705882352941176	0.014705882352941176	0.1323529411764706
11	561fdaa21c48820ce8839226	0.20238095238095238	0.011904761904761904	0.011904761904761904	0.05952380952380952	0.011904761904761904	0.011904761904761904	0.2976190476190476	0.011904761904761904	0.011904761904761904	0.05952380952380952	0.10714285714285714	0.011904761904761904	0.011904761904761904	0.011904761904761904	0.011904761904761904	0.011904761904761904	0.05952380952380952	0.011904761904761904	0.011904761904761904	0.05952380952380952
12	561fdaa21c48820ce8839227	0.03787878787878788	0.007575757575757576	0.007575757575757576	0.007575757575757576	0.09848484848484848	0.007575757575757576	0.007575757575757576	0.007575757575757576	0.007575757575757576	0.007575757575757576	0.007575757575757576	0.12878787878787878	0.007575757575757576	0.007575757575757576	0.1893939393939394	0.03787878787878788	0.3409090909090909	0.007575757575757576	0.007575757575757576	0.06818181818181818
13	561fdaa21c48820ce8839229	0.022727272727272728	0.022727272727272728	0.022727272727272728	0.20454545454545456	0.022727272727272728	0.022727272727272728	0.022727272727272728	0.022727272727272728	0.022727272727272728	0.11363636363636363	0.20454545454545456	0.022727272727272728	0.022727272727272728	0.022727272727272728	0.022727272727272728	0.022727272727272728	0.022727272727272728	0.022727272727272728	0.022727272727272728	0.11363636363636363
14	561fdaa21c48820ce883922a	0.328125	0.078125	0.015625	0.015625	0.015625	0.015625	0.265625	0.015625	0.015625	0.015625	0.015625	0.015625	0.078125	0.015625	0.015625	0.015625	0.015625	0.015625	0.015625	0.015625
15	561fdaa21c48820ce883922b	0.013157894736842105	0.013157894736842105	0.013157894736842105	0.27631578947368424	0.013157894736842105	0.013157894736842105	0.013157894736842105	0.11842105263157894	0.013157894736842105	0.013157894736842105	0.17105263157894737	0.013157894736842105	0.013157894736842105	0.06578947368421052	0.013157894736842105	0.013157894736842105	0.17105263157894737	0.013157894736842105	0.013157894736842105	0.013157894736842105
16	561fdaa21c48820ce883922d	0.06578947368421052	0.013157894736842105	0.013157894736842105	0.013157894736842105	0.013157894736842105	0.013157894736842105	0.32894736842105265	0.013157894736842105	0.013157894736842105	0.013157894736842105	0.013157894736842105	0.27631578947368424	0.013157894736842105	0.013157894736842105	0.013157894736842105	0.11842105263157894	0.013157894736842105	0.013157894736842105	0.013157894736842105	0.013157894736842105
17	561fdaa21c48820ce883922f	0.03125	0.03125	0.03125	0.03125	0.03125	0.03125	0.15625	0.03125	0.03125	0.28125	0.03125	0.03125	0.03125	0.03125	0.03125	0.03125	0.03125	0.03125	0.03125	0.03125
18	561fdaa21c48820ce8839230	0.009259259259259259	0.009259259259259259	0.12037037037037036	0.046296296296296294	0.08333333333333333	0.009259259259259259	0.009259259259259259	0.009259259259259259	0.009259259259259259	0.009259259259259259	0.009259259259259259	0.1574074074074074	0.19444444444444445	0.009259259259259259	0.009259259259259259	0.19444444444444445	0.046296296296296294	0.046296296296296294	0.009259259259259259	0.009259259259259259
19	561fdaa21c48820ce8839231	0.010416666666666666	0.010416666666666666	0.052083333333333336	0.010416666666666666	0.010416666666666666	0.13541666666666666	0.010416666666666666	0.052083333333333336	0.010416666666666666	0.010416666666666666	0.13541666666666666	0.17708333333333334	0.21875	0.010416666666666666	0.010416666666666666	0.09375	0.010416666666666666	0.010416666666666666	0.010416666666666666	0.010416666666666666
20	561fdaa31c48820ce8839233	0.027777777777777776	0.027777777777777776	0.027777777777777776	0.027777777777777776	0.1388888888888889	0.027777777777777776	0.027777777777777776	0.027777777777777776	0.027777777777777776	0.1388888888888889	0.027777777777777776	0.027777777777777776	0.027777777777777776	0.027777777777777776	0.1388888888888889	0.027777777777777776	0.027777777777777776	0.027777777777777776	0.1388888888888889	0.027777777777777776
21	561fdaa31c48820ce8839234	0.32142857142857145	0.03571428571428571	0.03571428571428571	0.03571428571428571	0.03571428571428571	0.03571428571428571	0.03571428571428571	0.03571428571428571	0.03571428571428571	0.03571428571428571	0.03571428571428571	0.03571428571428571	0.03571428571428571	0.03571428571428571	0.03571428571428571	0.03571428571428571	0.03571428571428571	0.03571428571428571	0.03571428571428571	0.03571428571428571
22	561fdaa31c48820ce8839235	0.0078125	0.0078125	0.0078125	0.0078125	0.1328125	0.0078125	0.0078125	0.0078125	0.0078125	0.0078125	0.0703125	0.0703125	0.0078125	0.1015625	0.2890625	0.0390625	0.0390625	0.1328125	0.0390625	0.0078125
23	561fdaa31c48820ce8839236	0.006944444444444444	0.006944444444444444	0.006944444444444444	0.006944444444444444	0.0625	0.034722222222222224	0.006944444444444444	0.006944444444444444	0.006944444444444444	0.006944444444444444	0.09027777777777778	0.09027777777777778	0.2013888888888889	0.09027777777777778	0.3125	0.006944444444444444	0.006944444444444444	0.006944444444444444	0.034722222222222224	0.006944444444444444
24	561fdaa31c48820ce8839237	0.011363636363636364	0.011363636363636364	0.10227272727272728	0.011363636363636364	0.056818181818181816	0.011363636363636364	0.011363636363636364	0.19318181818181818	0.011363636363636364	0.011363636363636364	0.056818181818181816	0.14772727272727273	0.011363636363636364	0.056818181818181816	0.011363636363636364	0.011363636363636364	0.011363636363636364	0.011363636363636364	0.19318181818181818	0.056818181818181816
25	561fdaa31c48820ce8839238	0.013888888888888888	0.013888888888888888	0.013888888888888888	0.013888888888888888	0.013888888888888888	0.013888888888888888	0.013888888888888888	0.013888888888888888	0.125	0.013888888888888888	0.013888888888888888	0.5138888888888888	0.013888888888888888	0.013888888888888888	0.06944444444444445	0.013888888888888888	0.06944444444444445	0.013888888888888888	0.013888888888888888	0.013888888888888888
26	561fdaa31c48820ce8839239	0.013157894736842105	0.013157894736842105	0.013157894736842105	0.06578947368421052	0.013157894736842105	0.11842105263157894	0.013157894736842105	0.06578947368421052	0.013157894736842105	0.013157894736842105	0.013157894736842105	0.27631578947368424	0.013157894736842105	0.013157894736842105	0.2236842105263158	0.013157894736842105	0.06578947368421052	0.013157894736842105	0.013157894736842105	0.013157894736842105
27	561fdaa31c48820ce883923a	0.020833333333333332	0.020833333333333332	0.020833333333333332	0.020833333333333332	0.020833333333333332	0.020833333333333332	0.020833333333333332	0.020833333333333332	0.1875	0.020833333333333332	0.020833333333333332	0.4375	0.020833333333333332	0.020833333333333332	0.020833333333333332	0.020833333333333332	0.020833333333333332	0.020833333333333332	0.020833333333333332	0.020833333333333332
28	561fdaa31c48820ce883923b	0.07222222222222222	0.027777777777777776	0.005555555555555556	0.09444444444444444	0.07222222222222222	0.09444444444444444	0.005555555555555556	0.027777777777777776	0.005555555555555556	0.005555555555555556	0.005555555555555556	0.29444444444444445	0.07222222222222222	0.027777777777777776	0.09444444444444444	0.005555555555555556	0.005555555555555556	0.005555555555555556	0.07222222222222222	0.005555555555555556
29	561fdaa31c48820ce883923d	0.00641025641025641	0.03205128205128205	0.00641025641025641	0.00641025641025641	0.00641025641025641	0.00641025641025641	0.057692307692307696	0.08333333333333333	0.00641025641025641	0.03205128205128205	0.00641025641025641	0.00641025641025641	0.00641025641025641	0.08333333333333333	0.00641025641025641	0.00641025641025641	0.5448717948717948	0.00641025641025641	0.08333333333333333	0.00641025641025641
30	561fdaa31c48820ce883923e	0.007575757575757576	0.1590909090909091	0.007575757575757576	0.007575757575757576	0.03787878787878788	0.007575757575757576	0.03787878787878788	0.007575757575757576	0.007575757575757576	0.007575757575757576	0.03787878787878788	0.007575757575757576	0.007575757575757576	0.09848484848484848	0.007575757575757576	0.007575757575757576	0.25	0.007575757575757576	0.2196969696969697	0.06818181818181818
31	561fdaa31c48820ce8839240	0.07352941176470588	0.014705882352941176	0.014705882352941176	0.014705882352941176	0.07352941176470588	0.014705882352941176	0.1323529411764706	0.19117647058823528	0.07352941176470588	0.07352941176470588	0.014705882352941176	0.19117647058823528	0.014705882352941176	0.014705882352941176	0.014705882352941176	0.014705882352941176	0.014705882352941176	0.014705882352941176	0.014705882352941176	0.014705882352941176
32	561fdaa31c48820ce8839241	0.016666666666666666	0.08333333333333333	0.016666666666666666	0.016666666666666666	0.08333333333333333	0.016666666666666666	0.016666666666666666	0.08333333333333333	0.35	0.08333333333333333	0.016666666666666666	0.016666666666666666	0.016666666666666666	0.016666666666666666	0.016666666666666666	0.016666666666666666	0.016666666666666666	0.016666666666666666	0.08333333333333333	0.016666666666666666
33	561fdaa31c48820ce8839242	0.1388888888888889	0.027777777777777776	0.027777777777777776	0.027777777777777776	0.027777777777777776	0.027777777777777776	0.027777777777777776	0.1388888888888889	0.027777777777777776	0.027777777777777776	0.027777777777777776	0.1388888888888889	0.027777777777777776	0.027777777777777776	0.027777777777777776	0.027777777777777776	0.1388888888888889	0.027777777777777776	0.027777777777777776	0.027777777777777776
34	561fdaa31c48820ce8839243	0.021929824561403508	0.021929824561403508	0.0043859649122807015	0.021929824561403508	0.2850877192982456	0.0043859649122807015	0.14473684210526316	0.05701754385964912	0.021929824561403508	0.0043859649122807015	0.0043859649122807015	0.05701754385964912	0.0043859649122807015	0.0043859649122807015	0.14473684210526316	0.0043859649122807015	0.10964912280701754	0.0043859649122807015	0.07456140350877193	0.0043859649122807015
35	561fdaa31c48820ce8839244	0.029069767441860465	0.005813953488372093	0.005813953488372093	0.005813953488372093	0.005813953488372093	0.005813953488372093	0.005813953488372093	0.005813953488372093	0.563953488372093	0.005813953488372093	0.1686046511627907	0.005813953488372093	0.005813953488372093	0.005813953488372093	0.05232558139534884	0.005813953488372093	0.005813953488372093	0.005813953488372093	0.005813953488372093	0.09883720930232558
36	561fdaa31c48820ce8839245	0.009615384615384616	0.009615384615384616	0.009615384615384616	0.009615384615384616	0.20192307692307693	0.009615384615384616	0.08653846153846154	0.009615384615384616	0.009615384615384616	0.08653846153846154	0.04807692307692308	0.16346153846153846	0.2403846153846154	0.009615384615384616	0.009615384615384616	0.009615384615384616	0.009615384615384616	0.04807692307692308	0.009615384615384616	0.009615384615384616
37	561fdaa31c48820ce8839247	0.03125	0.03125	0.03125	0.15625	0.03125	0.03125	0.03125	0.03125	0.03125	0.15625	0.03125	0.03125	0.03125	0.03125	0.03125	0.03125	0.03125	0.15625	0.03125	0.03125
38	561fdaa31c48820ce8839248	0.0027472527472527475	0.013736263736263736	0.0027472527472527475	0.0027472527472527475	0.013736263736263736	0.18956043956043955	0.013736263736263736	0.024725274725274724	0.057692307692307696	0.0027472527472527475	0.0027472527472527475	0.013736263736263736	0.057692307692307696	0.0027472527472527475	0.057692307692307696	0.0027472527472527475	0.3434065934065934	0.1565934065934066	0.03571428571428571	0.0027472527472527475
39	561fdaa31c48820ce8839249	0.005813953488372093	0.005813953488372093	0.029069767441860465	0.005813953488372093	0.2616279069767442	0.3081395348837209	0.005813953488372093	0.005813953488372093	0.029069767441860465	0.005813953488372093	0.029069767441860465	0.029069767441860465	0.005813953488372093	0.005813953488372093	0.005813953488372093	0.005813953488372093	0.14534883720930233	0.005813953488372093	0.05232558139534884	0.05232558139534884
40	561fdaa31c48820ce883924b	0.03125	0.03125	0.03125	0.03125	0.03125	0.03125	0.03125	0.03125	0.03125	0.15625	0.03125	0.03125	0.03125	0.03125	0.03125	0.15625	0.03125	0.15625	0.03125	0.03125
41	561fdaa31c48820ce883924c	0.009615384615384616	0.009615384615384616	0.009615384615384616	0.009615384615384616	0.04807692307692308	0.009615384615384616	0.009615384615384616	0.009615384615384616	0.009615384615384616	0.3173076923076923	0.20192307692307693	0.08653846153846154	0.009615384615384616	0.009615384615384616	0.009615384615384616	0.009615384615384616	0.125	0.04807692307692308	0.009615384615384616	0.04807692307692308
42	561fdaa31c48820ce883924d	0.03571428571428571	0.03571428571428571	0.03571428571428571	0.03571428571428571	0.03571428571428571	0.03571428571428571	0.03571428571428571	0.03571428571428571	0.17857142857142858	0.17857142857142858	0.03571428571428571	0.03571428571428571	0.03571428571428571	0.03571428571428571	0.03571428571428571	0.03571428571428571	0.03571428571428571	0.03571428571428571	0.03571428571428571	0.03571428571428571
43	561fdaa31c48820ce883924f	0.03125	0.03125	0.03125	0.03125	0.15625	0.03125	0.03125	0.15625	0.15625	0.03125	0.03125	0.03125	0.03125	0.03125	0.03125	0.03125	0.03125	0.03125	0.03125	0.03125
44	561fdaa31c48820ce8839250	0.027777777777777776	0.027777777777777776	0.027777777777777776	0.027777777777777776	0.027777777777777776	0.027777777777777776	0.027777777777777776	0.027777777777777776	0.027777777777777776	0.027777777777777776	0.027777777777777776	0.027777777777777776	0.027777777777777776	0.3611111111111111	0.027777777777777776	0.027777777777777776	0.1388888888888889	0.027777777777777776	0.027777777777777776	0.027777777777777776
45	561fdaa31c48820ce8839251	0.03571428571428571	0.03571428571428571	0.03571428571428571	0.03571428571428571	0.17857142857142858	0.03571428571428571	0.03571428571428571	0.03571428571428571	0.03571428571428571	0.03571428571428571	0.03571428571428571	0.03571428571428571	0.03571428571428571	0.03571428571428571	0.03571428571428571	0.03571428571428571	0.03571428571428571	0.03571428571428571	0.17857142857142858	0.03571428571428571
46	561fdaa31c48820ce8839252	0.10416666666666667	0.10416666666666667	0.020833333333333332	0.10416666666666667	0.10416666666666667	0.020833333333333332	0.1875	0.020833333333333332	0.020833333333333332	0.020833333333333332	0.020833333333333332	0.10416666666666667	0.020833333333333332	0.020833333333333332	0.020833333333333332	0.020833333333333332	0.020833333333333332	0.020833333333333332	0.020833333333333332	0.020833333333333332
47	561fdaa31c48820ce8839253	0.140625	0.015625	0.078125	0.203125	0.140625	0.078125	0.078125	0.015625	0.015625	0.015625	0.015625	0.015625	0.015625	0.078125	0.015625	0.015625	0.015625	0.015625	0.015625	0.015625
48	561fdaa31c48820ce8839254	0.03125	0.03125	0.03125	0.28125	0.03125	0.03125	0.03125	0.03125	0.03125	0.03125	0.03125	0.03125	0.03125	0.03125	0.03125	0.03125	0.15625	0.03125	0.03125	0.03125
49	561fdaa31c48820ce8839255	0.125	0.013888888888888888	0.013888888888888888	0.06944444444444445	0.06944444444444445	0.013888888888888888	0.18055555555555555	0.013888888888888888	0.013888888888888888	0.013888888888888888	0.2361111111111111	0.013888888888888888	0.013888888888888888	0.013888888888888888	0.013888888888888888	0.06944444444444445	0.06944444444444445	0.013888888888888888	0.013888888888888888	0.013888888888888888
50	561fdaa31c48820ce8839256	0.016666666666666666	0.016666666666666666	0.08333333333333333	0.016666666666666666	0.016666666666666666	0.016666666666666666	0.21666666666666667	0.016666666666666666	0.016666666666666666	0.016666666666666666	0.016666666666666666	0.08333333333333333	0.016666666666666666	0.016666666666666666	0.016666666666666666	0.15	0.08333333333333333	0.15	0.016666666666666666	0.016666666666666666
51	561fdaa31c48820ce8839257	0.17307692307692307	0.019230769230769232	0.019230769230769232	0.019230769230769232	0.019230769230769232	0.019230769230769232	0.019230769230769232	0.019230769230769232	0.09615384615384616	0.09615384615384616	0.019230769230769232	0.019230769230769232	0.019230769230769232	0.17307692307692307	0.019230769230769232	0.09615384615384616	0.019230769230769232	0.09615384615384616	0.019230769230769232	0.019230769230769232
52	561fdaa31c48820ce8839258	0.019230769230769232	0.019230769230769232	0.019230769230769232	0.17307692307692307	0.019230769230769232	0.019230769230769232	0.019230769230769232	0.019230769230769232	0.019230769230769232	0.09615384615384616	0.019230769230769232	0.09615384615384616	0.019230769230769232	0.17307692307692307	0.019230769230769232	0.019230769230769232	0.019230769230769232	0.09615384615384616	0.019230769230769232	0.09615384615384616
53	561fdaa31c48820ce883925a	0.009259259259259259	0.08333333333333333	0.009259259259259259	0.046296296296296294	0.046296296296296294	0.009259259259259259	0.009259259259259259	0.26851851851851855	0.12037037037037036	0.009259259259259259	0.009259259259259259	0.009259259259259259	0.009259259259259259	0.009259259259259259	0.009259259259259259	0.23148148148148148	0.009259259259259259	0.009259259259259259	0.08333333333333333	0.009259259259259259
54	561fdaa31c48820ce883925c	0.03571428571428571	0.03571428571428571	0.03571428571428571	0.03571428571428571	0.03571428571428571	0.03571428571428571	0.03571428571428571	0.03571428571428571	0.03571428571428571	0.03571428571428571	0.03571428571428571	0.03571428571428571	0.03571428571428571	0.17857142857142858	0.03571428571428571	0.03571428571428571	0.17857142857142858	0.03571428571428571	0.03571428571428571	0.03571428571428571
55	561fdaa31c48820ce883925d	0.022727272727272728	0.022727272727272728	0.022727272727272728	0.022727272727272728	0.022727272727272728	0.11363636363636363	0.20454545454545456	0.11363636363636363	0.022727272727272728	0.022727272727272728	0.20454545454545456	0.022727272727272728	0.022727272727272728	0.022727272727272728	0.022727272727272728	0.022727272727272728	0.022727272727272728	0.022727272727272728	0.022727272727272728	0.022727272727272728
56	561fdaa31c48820ce883925e	0.03571428571428571	0.03571428571428571	0.03571428571428571	0.03571428571428571	0.03571428571428571	0.03571428571428571	0.03571428571428571	0.03571428571428571	0.03571428571428571	0.03571428571428571	0.03571428571428571	0.03571428571428571	0.03571428571428571	0.17857142857142858	0.03571428571428571	0.03571428571428571	0.03571428571428571	0.03571428571428571	0.03571428571428571	0.17857142857142858
57	561fdaa31c48820ce883925f	0.03125	0.03125	0.15625	0.03125	0.03125	0.03125	0.03125	0.03125	0.15625	0.03125	0.03125	0.15625	0.03125	0.03125	0.03125	0.03125	0.03125	0.03125	0.03125	0.03125
58	561fdaa31c48820ce8839260	0.03125	0.15625	0.03125	0.15625	0.03125	0.03125	0.03125	0.03125	0.03125	0.03125	0.03125	0.03125	0.15625	0.03125	0.03125	0.03125	0.03125	0.03125	0.03125	0.03125
59	561fdaa31c48820ce8839261	0.008928571428571428	0.008928571428571428	0.008928571428571428	0.008928571428571428	0.008928571428571428	0.008928571428571428	0.22321428571428573	0.008928571428571428	0.008928571428571428	0.08035714285714286	0.008928571428571428	0.008928571428571428	0.4732142857142857	0.044642857142857144	0.008928571428571428	0.008928571428571428	0.008928571428571428	0.008928571428571428	0.008928571428571428	0.044642857142857144
60	561fdaa31c48820ce8839263	0.027777777777777776	0.027777777777777776	0.1388888888888889	0.027777777777777776	0.027777777777777776	0.027777777777777776	0.027777777777777776	0.027777777777777776	0.027777777777777776	0.027777777777777776	0.027777777777777776	0.1388888888888889	0.027777777777777776	0.027777777777777776	0.027777777777777776	0.1388888888888889	0.027777777777777776	0.1388888888888889	0.027777777777777776	0.027777777777777776
61	561fdaa31c48820ce8839264	0.025510204081632654	0.00510204081632653	0.00510204081632653	0.18877551020408162	0.0663265306122449	0.04591836734693878	0.00510204081632653	0.10714285714285714	0.00510204081632653	0.18877551020408162	0.00510204081632653	0.12755102040816327	0.00510204081632653	0.04591836734693878	0.10714285714285714	0.025510204081632654	0.025510204081632654	0.00510204081632653	0.00510204081632653	0.00510204081632653
62	561fdaa31c48820ce8839265	0.0125	0.0125	0.0125	0.0125	0.0125	0.0125	0.0125	0.0625	0.0125	0.3625	0.0125	0.1625	0.0125	0.0125	0.0125	0.0125	0.1625	0.0125	0.0125	0.0625
63	561fdaa31c48820ce8839266	0.025	0.125	0.025	0.025	0.025	0.025	0.025	0.225	0.025	0.025	0.025	0.025	0.025	0.025	0.225	0.025	0.025	0.025	0.025	0.025
64	561fdaa31c48820ce8839267	0.005319148936170213	0.005319148936170213	0.30319148936170215	0.005319148936170213	0.005319148936170213	0.026595744680851064	0.005319148936170213	0.047872340425531915	0.005319148936170213	0.19680851063829788	0.026595744680851064	0.005319148936170213	0.005319148936170213	0.06914893617021277	0.11170212765957446	0.026595744680851064	0.005319148936170213	0.047872340425531915	0.005319148936170213	0.09042553191489362
65	561fdaa31c48820ce883927a	0.03125	0.03125	0.03125	0.03125	0.03125	0.03125	0.03125	0.03125	0.03125	0.03125	0.03125	0.03125	0.03125	0.03125	0.03125	0.03125	0.03125	0.15625	0.15625	0.15625
66	561fdaa31c48820ce8839268	0.013888888888888888	0.013888888888888888	0.125	0.06944444444444445	0.013888888888888888	0.013888888888888888	0.013888888888888888	0.013888888888888888	0.06944444444444445	0.013888888888888888	0.013888888888888888	0.013888888888888888	0.013888888888888888	0.013888888888888888	0.4583333333333333	0.013888888888888888	0.013888888888888888	0.06944444444444445	0.013888888888888888	0.013888888888888888
67	561fdaa31c48820ce8839269	0.015625	0.015625	0.015625	0.015625	0.015625	0.015625	0.078125	0.015625	0.078125	0.015625	0.015625	0.015625	0.015625	0.265625	0.140625	0.015625	0.140625	0.015625	0.078125	0.015625
68	561fdaa31c48820ce883926b	0.005952380952380952	0.005952380952380952	0.02976190476190476	0.005952380952380952	0.2916666666666667	0.07738095238095238	0.02976190476190476	0.005952380952380952	0.10119047619047619	0.005952380952380952	0.05357142857142857	0.07738095238095238	0.07738095238095238	0.005952380952380952	0.005952380952380952	0.125	0.05357142857142857	0.005952380952380952	0.02976190476190476	0.005952380952380952
69	561fdaa31c48820ce883926c	0.022727272727272728	0.29545454545454547	0.022727272727272728	0.022727272727272728	0.022727272727272728	0.022727272727272728	0.022727272727272728	0.022727272727272728	0.11363636363636363	0.022727272727272728	0.11363636363636363	0.022727272727272728	0.022727272727272728	0.022727272727272728	0.022727272727272728	0.022727272727272728	0.022727272727272728	0.022727272727272728	0.022727272727272728	0.11363636363636363
70	561fdaa31c48820ce883926d	0.0078125	0.0078125	0.0078125	0.0078125	0.0078125	0.0078125	0.2578125	0.0703125	0.0703125	0.0078125	0.2578125	0.0078125	0.0078125	0.0078125	0.0078125	0.1953125	0.0390625	0.0078125	0.0078125	0.0078125
71	561fdaa31c48820ce883926e	0.011363636363636364	0.10227272727272728	0.10227272727272728	0.011363636363636364	0.011363636363636364	0.10227272727272728	0.056818181818181816	0.011363636363636364	0.056818181818181816	0.056818181818181816	0.056818181818181816	0.10227272727272728	0.011363636363636364	0.011363636363636364	0.10227272727272728	0.011363636363636364	0.011363636363636364	0.10227272727272728	0.056818181818181816	0.011363636363636364
72	561fdaa31c48820ce8839270	0.025	0.025	0.025	0.025	0.125	0.025	0.025	0.125	0.025	0.025	0.225	0.025	0.025	0.025	0.025	0.025	0.025	0.125	0.025	0.025
73	561fdaa31c48820ce8839271	0.017857142857142856	0.017857142857142856	0.017857142857142856	0.017857142857142856	0.017857142857142856	0.017857142857142856	0.017857142857142856	0.08928571428571429	0.017857142857142856	0.017857142857142856	0.08928571428571429	0.017857142857142856	0.017857142857142856	0.017857142857142856	0.08928571428571429	0.08928571428571429	0.017857142857142856	0.017857142857142856	0.16071428571428573	0.23214285714285715
74	561fdaa31c48820ce8839272	0.022727272727272728	0.022727272727272728	0.022727272727272728	0.022727272727272728	0.022727272727272728	0.11363636363636363	0.022727272727272728	0.022727272727272728	0.11363636363636363	0.022727272727272728	0.022727272727272728	0.022727272727272728	0.11363636363636363	0.022727272727272728	0.022727272727272728	0.29545454545454547	0.022727272727272728	0.022727272727272728	0.022727272727272728	0.022727272727272728
75	561fdaa31c48820ce8839273	0.007575757575757576	0.03787878787878788	0.007575757575757576	0.007575757575757576	0.007575757575757576	0.007575757575757576	0.007575757575757576	0.007575757575757576	0.06818181818181818	0.03787878787878788	0.007575757575757576	0.007575757575757576	0.06818181818181818	0.007575757575757576	0.007575757575757576	0.06818181818181818	0.03787878787878788	0.09848484848484848	0.3712121212121212	0.12878787878787878
76	561fdaa31c48820ce8839274	0.011904761904761904	0.05952380952380952	0.05952380952380952	0.011904761904761904	0.011904761904761904	0.011904761904761904	0.05952380952380952	0.011904761904761904	0.011904761904761904	0.011904761904761904	0.011904761904761904	0.011904761904761904	0.39285714285714285	0.011904761904761904	0.011904761904761904	0.011904761904761904	0.20238095238095238	0.011904761904761904	0.05952380952380952	0.011904761904761904
77	561fdaa31c48820ce8839275	0.020833333333333332	0.020833333333333332	0.020833333333333332	0.020833333333333332	0.1875	0.020833333333333332	0.020833333333333332	0.020833333333333332	0.020833333333333332	0.020833333333333332	0.020833333333333332	0.10416666666666667	0.10416666666666667	0.020833333333333332	0.020833333333333332	0.020833333333333332	0.020833333333333332	0.020833333333333332	0.2708333333333333	0.020833333333333332
78	561fdaa31c48820ce8839276	0.027777777777777776	0.027777777777777776	0.027777777777777776	0.3611111111111111	0.027777777777777776	0.027777777777777776	0.1388888888888889	0.027777777777777776	0.027777777777777776	0.027777777777777776	0.027777777777777776	0.027777777777777776	0.027777777777777776	0.027777777777777776	0.027777777777777776	0.027777777777777776	0.027777777777777776	0.027777777777777776	0.027777777777777776	0.027777777777777776
79	561fdaa31c48820ce8839277	0.08035714285714286	0.008928571428571428	0.008928571428571428	0.08035714285714286	0.008928571428571428	0.08035714285714286	0.08035714285714286	0.044642857142857144	0.044642857142857144	0.008928571428571428	0.1875	0.008928571428571428	0.008928571428571428	0.008928571428571428	0.044642857142857144	0.044642857142857144	0.008928571428571428	0.11607142857142858	0.11607142857142858	0.008928571428571428
80	561fdaa31c48820ce8839278	0.013888888888888888	0.013888888888888888	0.013888888888888888	0.013888888888888888	0.013888888888888888	0.013888888888888888	0.013888888888888888	0.013888888888888888	0.013888888888888888	0.013888888888888888	0.013888888888888888	0.013888888888888888	0.06944444444444445	0.013888888888888888	0.013888888888888888	0.013888888888888888	0.013888888888888888	0.013888888888888888	0.625	0.06944444444444445
81	561fdaa31c48820ce8839279	0.017361111111111112	0.003472222222222222	0.017361111111111112	0.03125	0.059027777777777776	0.003472222222222222	0.017361111111111112	0.003472222222222222	0.04513888888888889	0.003472222222222222	0.059027777777777776	0.003472222222222222	0.15625	0.003472222222222222	0.003472222222222222	0.03125	0.017361111111111112	0.017361111111111112	0.5034722222222222	0.003472222222222222
82	561fdaa31c48820ce883927b	0.0625	0.006944444444444444	0.006944444444444444	0.006944444444444444	0.09027777777777778	0.006944444444444444	0.006944444444444444	0.006944444444444444	0.006944444444444444	0.2013888888888889	0.006944444444444444	0.006944444444444444	0.034722222222222224	0.22916666666666666	0.006944444444444444	0.034722222222222224	0.11805555555555555	0.006944444444444444	0.14583333333333334	0.006944444444444444
83	561fdaa31c48820ce883927d	0.03125	0.28125	0.03125	0.03125	0.15625	0.03125	0.03125	0.03125	0.03125	0.03125	0.03125	0.03125	0.03125	0.03125	0.03125	0.03125	0.03125	0.03125	0.03125	0.03125
84	561fdaa31c48820ce883927e	0.026041666666666668	0.8802083333333334	0.005208333333333333	0.005208333333333333	0.005208333333333333	0.005208333333333333	0.005208333333333333	0.005208333333333333	0.005208333333333333	0.005208333333333333	0.005208333333333333	0.005208333333333333	0.005208333333333333	0.005208333333333333	0.005208333333333333	0.005208333333333333	0.005208333333333333	0.005208333333333333	0.005208333333333333	0.005208333333333333
85	561fdaa31c48820ce883927f	0.005681818181818182	0.5284090909090909	0.005681818181818182	0.005681818181818182	0.07386363636363637	0.028409090909090908	0.05113636363636364	0.005681818181818182	0.07386363636363637	0.028409090909090908	0.005681818181818182	0.028409090909090908	0.005681818181818182	0.005681818181818182	0.05113636363636364	0.005681818181818182	0.005681818181818182	0.028409090909090908	0.005681818181818182	0.05113636363636364
86	561fdaa31c48820ce8839281	0.009615384615384616	0.009615384615384616	0.04807692307692308	0.04807692307692308	0.08653846153846154	0.009615384615384616	0.009615384615384616	0.27884615384615385	0.009615384615384616	0.2403846153846154	0.04807692307692308	0.009615384615384616	0.04807692307692308	0.04807692307692308	0.009615384615384616	0.009615384615384616	0.04807692307692308	0.009615384615384616	0.009615384615384616	0.009615384615384616
87	561fdaa31c48820ce8839282	0.017857142857142856	0.017857142857142856	0.017857142857142856	0.017857142857142856	0.017857142857142856	0.017857142857142856	0.017857142857142856	0.16071428571428573	0.16071428571428573	0.017857142857142856	0.017857142857142856	0.017857142857142856	0.23214285714285715	0.017857142857142856	0.017857142857142856	0.08928571428571429	0.08928571428571429	0.017857142857142856	0.017857142857142856	0.017857142857142856
88	561fdaa31c48820ce8839283	0.03125	0.03125	0.03125	0.03125	0.03125	0.03125	0.03125	0.15625	0.15625	0.03125	0.03125	0.03125	0.03125	0.03125	0.03125	0.03125	0.03125	0.03125	0.03125	0.15625
89	561fdaa31c48820ce8839284	0.03571428571428571	0.03571428571428571	0.03571428571428571	0.03571428571428571	0.03571428571428571	0.03571428571428571	0.03571428571428571	0.03571428571428571	0.03571428571428571	0.03571428571428571	0.03571428571428571	0.03571428571428571	0.03571428571428571	0.17857142857142858	0.03571428571428571	0.17857142857142858	0.03571428571428571	0.03571428571428571	0.03571428571428571	0.03571428571428571
90	561fdaa31c48820ce8839285	0.015625	0.003125	0.003125	0.128125	0.015625	0.015625	0.040625	0.303125	0.003125	0.003125	0.090625	0.028125	0.078125	0.003125	0.003125	0.078125	0.065625	0.015625	0.003125	0.103125
91	561fdaa31c48820ce8839286	0.004032258064516129	0.004032258064516129	0.004032258064516129	0.004032258064516129	0.004032258064516129	0.06854838709677419	0.004032258064516129	0.7137096774193549	0.036290322580645164	0.06854838709677419	0.004032258064516129	0.004032258064516129	0.004032258064516129	0.036290322580645164	0.004032258064516129	0.004032258064516129	0.004032258064516129	0.004032258064516129	0.020161290322580645	0.004032258064516129
92	561fdaa31c48820ce8839288	0.019230769230769232	0.019230769230769232	0.019230769230769232	0.019230769230769232	0.019230769230769232	0.019230769230769232	0.17307692307692307	0.019230769230769232	0.019230769230769232	0.09615384615384616	0.09615384615384616	0.019230769230769232	0.019230769230769232	0.09615384615384616	0.019230769230769232	0.25	0.019230769230769232	0.019230769230769232	0.019230769230769232	0.019230769230769232
93	561fdaa31c48820ce8839289	0.007142857142857143	0.007142857142857143	0.007142857142857143	0.03571428571428571	0.2642857142857143	0.007142857142857143	0.37857142857142856	0.007142857142857143	0.007142857142857143	0.007142857142857143	0.09285714285714286	0.007142857142857143	0.007142857142857143	0.007142857142857143	0.03571428571428571	0.007142857142857143	0.007142857142857143	0.09285714285714286	0.007142857142857143	0.007142857142857143
94	561fdaa31c48820ce883928a	0.01	0.01	0.01	0.01	0.01	0.05	0.01	0.01	0.01	0.05	0.41	0.01	0.01	0.01	0.01	0.13	0.01	0.01	0.17	0.05
95	561fdaa31c48820ce883928c	0.06770833333333333	0.005208333333333333	0.046875	0.005208333333333333	0.005208333333333333	0.005208333333333333	0.046875	0.005208333333333333	0.005208333333333333	0.005208333333333333	0.005208333333333333	0.026041666666666668	0.005208333333333333	0.005208333333333333	0.005208333333333333	0.15104166666666666	0.08854166666666667	0.005208333333333333	0.5052083333333334	0.005208333333333333
96	561fdaa31c48820ce883928e	0.027777777777777776	0.027777777777777776	0.027777777777777776	0.027777777777777776	0.027777777777777776	0.027777777777777776	0.027777777777777776	0.027777777777777776	0.027777777777777776	0.027777777777777776	0.027777777777777776	0.027777777777777776	0.25	0.027777777777777776	0.027777777777777776	0.027777777777777776	0.25	0.027777777777777776	0.027777777777777776	0.027777777777777776
97	561fdaa31c48820ce883928f	0.013157894736842105	0.013157894736842105	0.013157894736842105	0.06578947368421052	0.06578947368421052	0.013157894736842105	0.2236842105263158	0.013157894736842105	0.013157894736842105	0.013157894736842105	0.013157894736842105	0.06578947368421052	0.013157894736842105	0.06578947368421052	0.06578947368421052	0.2236842105263158	0.013157894736842105	0.06578947368421052	0.013157894736842105	0.013157894736842105
98	561fdaa31c48820ce8839290	0.022727272727272728	0.022727272727272728	0.022727272727272728	0.022727272727272728	0.11363636363636363	0.022727272727272728	0.022727272727272728	0.11363636363636363	0.022727272727272728	0.022727272727272728	0.022727272727272728	0.022727272727272728	0.022727272727272728	0.11363636363636363	0.022727272727272728	0.022727272727272728	0.29545454545454547	0.022727272727272728	0.022727272727272728	0.022727272727272728
99	561fdaa31c48820ce8839291	0.013157894736842105	0.013157894736842105	0.013157894736842105	0.013157894736842105	0.013157894736842105	0.013157894736842105	0.06578947368421052	0.013157894736842105	0.013157894736842105	0.013157894736842105	0.013157894736842105	0.06578947368421052	0.06578947368421052	0.013157894736842105	0.06578947368421052	0.4868421052631579	0.06578947368421052	0.013157894736842105	0.013157894736842105	0.013157894736842105
100	561fdaa31c48820ce8839293	0.03571428571428571	0.03571428571428571	0.03571428571428571	0.03571428571428571	0.03571428571428571	0.03571428571428571	0.03571428571428571	0.17857142857142858	0.03571428571428571	0.03571428571428571	0.03571428571428571	0.03571428571428571	0.03571428571428571	0.03571428571428571	0.03571428571428571	0.17857142857142858	0.03571428571428571	0.03571428571428571	0.03571428571428571	0.03571428571428571
101	561fdaa31c48820ce8839294	0.03205128205128205	0.00641025641025641	0.00641025641025641	0.1346153846153846	0.00641025641025641	0.00641025641025641	0.00641025641025641	0.1858974358974359	0.03205128205128205	0.00641025641025641	0.00641025641025641	0.00641025641025641	0.33974358974358976	0.08333333333333333	0.08333333333333333	0.00641025641025641	0.00641025641025641	0.00641025641025641	0.00641025641025641	0.03205128205128205
102	561fdaa31c48820ce8839295	0.17105263157894737	0.27631578947368424	0.013157894736842105	0.06578947368421052	0.013157894736842105	0.013157894736842105	0.013157894736842105	0.013157894736842105	0.013157894736842105	0.013157894736842105	0.06578947368421052	0.013157894736842105	0.06578947368421052	0.013157894736842105	0.06578947368421052	0.013157894736842105	0.06578947368421052	0.06578947368421052	0.013157894736842105	0.013157894736842105
103	561fdaa31c48820ce8839296	0.025	0.025	0.025	0.025	0.025	0.025	0.025	0.025	0.125	0.025	0.025	0.125	0.125	0.025	0.025	0.025	0.025	0.225	0.025	0.025
104	561fdaa31c48820ce8839297	0.017857142857142856	0.017857142857142856	0.017857142857142856	0.16071428571428573	0.16071428571428573	0.017857142857142856	0.017857142857142856	0.08928571428571429	0.017857142857142856	0.017857142857142856	0.08928571428571429	0.017857142857142856	0.16071428571428573	0.08928571428571429	0.017857142857142856	0.017857142857142856	0.017857142857142856	0.017857142857142856	0.017857142857142856	0.017857142857142856
105	561fdaa31c48820ce8839298	0.022727272727272728	0.022727272727272728	0.022727272727272728	0.022727272727272728	0.022727272727272728	0.022727272727272728	0.022727272727272728	0.11363636363636363	0.022727272727272728	0.022727272727272728	0.022727272727272728	0.022727272727272728	0.29545454545454547	0.11363636363636363	0.11363636363636363	0.022727272727272728	0.022727272727272728	0.022727272727272728	0.022727272727272728	0.022727272727272728
106	561fdaa31c48820ce8839299	0.125	0.025	0.025	0.025	0.025	0.025	0.025	0.125	0.025	0.125	0.025	0.025	0.025	0.225	0.025	0.025	0.025	0.025	0.025	0.025
107	561fdaa31c48820ce883929a	0.140625	0.015625	0.015625	0.203125	0.015625	0.015625	0.015625	0.140625	0.015625	0.015625	0.015625	0.140625	0.078125	0.015625	0.015625	0.015625	0.015625	0.015625	0.015625	0.078125
108	561fdaa31c48820ce883929b	0.010869565217391304	0.010869565217391304	0.010869565217391304	0.010869565217391304	0.010869565217391304	0.010869565217391304	0.010869565217391304	0.09782608695652174	0.14130434782608695	0.010869565217391304	0.010869565217391304	0.09782608695652174	0.010869565217391304	0.31521739130434784	0.010869565217391304	0.05434782608695652	0.010869565217391304	0.09782608695652174	0.05434782608695652	0.010869565217391304
109	561fdaa31c48820ce883929c	0.05	0.01	0.01	0.05	0.01	0.01	0.09	0.01	0.01	0.01	0.01	0.01	0.01	0.21	0.01	0.01	0.01	0.01	0.33	0.13
110	561fdaa31c48820ce883929e	0.008928571428571428	0.008928571428571428	0.044642857142857144	0.15178571428571427	0.25892857142857145	0.008928571428571428	0.008928571428571428	0.008928571428571428	0.22321428571428573	0.008928571428571428	0.08035714285714286	0.044642857142857144	0.008928571428571428	0.008928571428571428	0.008928571428571428	0.008928571428571428	0.008928571428571428	0.044642857142857144	0.044642857142857144	0.008928571428571428
111	561fdaa31c48820ce883929f	0.008064516129032258	0.008064516129032258	0.008064516129032258	0.04032258064516129	0.008064516129032258	0.008064516129032258	0.008064516129032258	0.23387096774193547	0.04032258064516129	0.13709677419354838	0.008064516129032258	0.10483870967741936	0.008064516129032258	0.008064516129032258	0.04032258064516129	0.07258064516129033	0.04032258064516129	0.20161290322580644	0.008064516129032258	0.008064516129032258
112	561fdaa31c48820ce88392a0	0.007142857142857143	0.007142857142857143	0.007142857142857143	0.06428571428571428	0.007142857142857143	0.06428571428571428	0.03571428571428571	0.06428571428571428	0.007142857142857143	0.09285714285714286	0.09285714285714286	0.007142857142857143	0.007142857142857143	0.007142857142857143	0.007142857142857143	0.12142857142857143	0.007142857142857143	0.2357142857142857	0.12142857142857143	0.03571428571428571
113	561fdaa31c48820ce88392a2	0.00641025641025641	0.00641025641025641	0.00641025641025641	0.00641025641025641	0.00641025641025641	0.00641025641025641	0.00641025641025641	0.00641025641025641	0.03205128205128205	0.00641025641025641	0.03205128205128205	0.057692307692307696	0.00641025641025641	0.5448717948717948	0.00641025641025641	0.23717948717948717	0.00641025641025641	0.00641025641025641	0.00641025641025641	0.00641025641025641
114	561fdaa31c48820ce88392a3	0.10416666666666667	0.020833333333333332	0.020833333333333332	0.020833333333333332	0.020833333333333332	0.020833333333333332	0.10416666666666667	0.020833333333333332	0.1875	0.020833333333333332	0.020833333333333332	0.020833333333333332	0.020833333333333332	0.2708333333333333	0.020833333333333332	0.020833333333333332	0.020833333333333332	0.020833333333333332	0.020833333333333332	0.020833333333333332
115	561fdaa31c48820ce88392a4	0.008064516129032258	0.008064516129032258	0.008064516129032258	0.008064516129032258	0.008064516129032258	0.008064516129032258	0.04032258064516129	0.008064516129032258	0.008064516129032258	0.008064516129032258	0.008064516129032258	0.008064516129032258	0.04032258064516129	0.717741935483871	0.04032258064516129	0.008064516129032258	0.04032258064516129	0.008064516129032258	0.008064516129032258	0.008064516129032258
116	561fdaa31c48820ce88392a5	0.010416666666666666	0.13541666666666666	0.010416666666666666	0.13541666666666666	0.010416666666666666	0.010416666666666666	0.09375	0.010416666666666666	0.17708333333333334	0.052083333333333336	0.010416666666666666	0.010416666666666666	0.010416666666666666	0.09375	0.010416666666666666	0.010416666666666666	0.052083333333333336	0.052083333333333336	0.010416666666666666	0.09375
117	561fdaa31c48820ce88392a6	0.1875	0.1875	0.020833333333333332	0.020833333333333332	0.020833333333333332	0.020833333333333332	0.020833333333333332	0.020833333333333332	0.1875	0.020833333333333332	0.020833333333333332	0.020833333333333332	0.10416666666666667	0.020833333333333332	0.020833333333333332	0.020833333333333332	0.020833333333333332	0.020833333333333332	0.020833333333333332	0.020833333333333332
118	561fdaa31c48820ce88392a7	0.03571428571428571	0.03571428571428571	0.03571428571428571	0.03571428571428571	0.03571428571428571	0.03571428571428571	0.03571428571428571	0.03571428571428571	0.03571428571428571	0.03571428571428571	0.03571428571428571	0.17857142857142858	0.03571428571428571	0.03571428571428571	0.03571428571428571	0.03571428571428571	0.03571428571428571	0.17857142857142858	0.03571428571428571	0.03571428571428571
119	561fdaa31c48820ce88392a8	0.35919540229885055	0.0028735632183908046	0.0028735632183908046	0.0603448275862069	0.0028735632183908046	0.0028735632183908046	0.14080459770114942	0.0028735632183908046	0.014367816091954023	0.0028735632183908046	0.08333333333333333	0.0028735632183908046	0.03735632183908046	0.12931034482758622	0.014367816091954023	0.09482758620689655	0.014367816091954023	0.0028735632183908046	0.02586206896551724	0.0028735632183908046
120	561fdaa31c48820ce88392a9	0.29464285714285715	0.008928571428571428	0.008928571428571428	0.08035714285714286	0.008928571428571428	0.08035714285714286	0.008928571428571428	0.008928571428571428	0.044642857142857144	0.008928571428571428	0.008928571428571428	0.008928571428571428	0.29464285714285715	0.044642857142857144	0.008928571428571428	0.008928571428571428	0.008928571428571428	0.008928571428571428	0.044642857142857144	0.008928571428571428
121	561fdaa31c48820ce88392aa	0.3869047619047619	0.005952380952380952	0.005952380952380952	0.005952380952380952	0.005952380952380952	0.005952380952380952	0.005952380952380952	0.07738095238095238	0.005952380952380952	0.005952380952380952	0.02976190476190476	0.005952380952380952	0.125	0.005952380952380952	0.005952380952380952	0.07738095238095238	0.125	0.005952380952380952	0.005952380952380952	0.10119047619047619
122	561fdaa31c48820ce88392ac	0.03125	0.03125	0.03125	0.03125	0.03125	0.03125	0.03125	0.03125	0.40625	0.03125	0.03125	0.03125	0.03125	0.03125	0.03125	0.03125	0.03125	0.03125	0.03125	0.03125
123	561fdaa31c48820ce88392ad	0.022727272727272728	0.022727272727272728	0.022727272727272728	0.022727272727272728	0.022727272727272728	0.11363636363636363	0.022727272727272728	0.11363636363636363	0.11363636363636363	0.022727272727272728	0.022727272727272728	0.20454545454545456	0.022727272727272728	0.022727272727272728	0.022727272727272728	0.022727272727272728	0.022727272727272728	0.11363636363636363	0.022727272727272728	0.022727272727272728
124	561fdaa31c48820ce88392ae	0.028409090909090908	0.05113636363636364	0.005681818181818182	0.005681818181818182	0.11931818181818182	0.005681818181818182	0.21022727272727273	0.005681818181818182	0.005681818181818182	0.005681818181818182	0.005681818181818182	0.05113636363636364	0.005681818181818182	0.09659090909090909	0.05113636363636364	0.005681818181818182	0.005681818181818182	0.05113636363636364	0.028409090909090908	0.2556818181818182
125	561fdaa31c48820ce88392af	0.010869565217391304	0.010869565217391304	0.010869565217391304	0.010869565217391304	0.010869565217391304	0.09782608695652174	0.05434782608695652	0.2717391304347826	0.010869565217391304	0.05434782608695652	0.010869565217391304	0.010869565217391304	0.010869565217391304	0.05434782608695652	0.14130434782608695	0.05434782608695652	0.010869565217391304	0.010869565217391304	0.05434782608695652	0.09782608695652174
126	561fdaa31c48820ce88392b1	0.017857142857142856	0.017857142857142856	0.23214285714285715	0.017857142857142856	0.08928571428571429	0.08928571428571429	0.017857142857142856	0.017857142857142856	0.017857142857142856	0.08928571428571429	0.017857142857142856	0.017857142857142856	0.017857142857142856	0.16071428571428573	0.017857142857142856	0.017857142857142856	0.017857142857142856	0.017857142857142856	0.017857142857142856	0.08928571428571429
127	561fdaa31c48820ce88392b2	0.03125	0.03125	0.03125	0.15625	0.03125	0.03125	0.03125	0.03125	0.03125	0.15625	0.03125	0.03125	0.03125	0.15625	0.03125	0.03125	0.03125	0.03125	0.03125	0.03125
128	561fdaa31c48820ce88392b3	0.005434782608695652	0.005434782608695652	0.005434782608695652	0.005434782608695652	0.005434782608695652	0.02717391304347826	0.07065217391304347	0.1793478260869565	0.005434782608695652	0.02717391304347826	0.005434782608695652	0.005434782608695652	0.04891304347826087	0.266304347826087	0.005434782608695652	0.20108695652173914	0.09239130434782608	0.02717391304347826	0.005434782608695652	0.005434782608695652
129	561fdaa41c48820ce88392b5	0.2196969696969697	0.12878787878787878	0.03787878787878788	0.007575757575757576	0.007575757575757576	0.007575757575757576	0.3409090909090909	0.007575757575757576	0.06818181818181818	0.03787878787878788	0.007575757575757576	0.007575757575757576	0.007575757575757576	0.007575757575757576	0.007575757575757576	0.007575757575757576	0.007575757575757576	0.007575757575757576	0.007575757575757576	0.06818181818181818
130	561fdaa41c48820ce88392b6	0.11413043478260869	0.02717391304347826	0.005434782608695652	0.02717391304347826	0.02717391304347826	0.02717391304347826	0.11413043478260869	0.15760869565217392	0.005434782608695652	0.005434782608695652	0.11413043478260869	0.005434782608695652	0.11413043478260869	0.07065217391304347	0.005434782608695652	0.005434782608695652	0.005434782608695652	0.02717391304347826	0.005434782608695652	0.1358695652173913
131	561fdaa41c48820ce88392b8	0.020833333333333332	0.10416666666666667	0.020833333333333332	0.020833333333333332	0.020833333333333332	0.020833333333333332	0.020833333333333332	0.2708333333333333	0.10416666666666667	0.020833333333333332	0.020833333333333332	0.020833333333333332	0.020833333333333332	0.020833333333333332	0.020833333333333332	0.020833333333333332	0.020833333333333332	0.1875	0.020833333333333332	0.020833333333333332
132	561fdaa41c48820ce88392b9	0.19339622641509435	0.0047169811320754715	0.04245283018867924	0.08018867924528301	0.0047169811320754715	0.0047169811320754715	0.45754716981132076	0.0047169811320754715	0.0047169811320754715	0.0047169811320754715	0.0047169811320754715	0.0047169811320754715	0.04245283018867924	0.0047169811320754715	0.0047169811320754715	0.02358490566037736	0.02358490566037736	0.08018867924528301	0.0047169811320754715	0.0047169811320754715
133	561fdaa41c48820ce88392ba	0.027777777777777776	0.027777777777777776	0.027777777777777776	0.027777777777777776	0.027777777777777776	0.027777777777777776	0.4722222222222222	0.027777777777777776	0.027777777777777776	0.027777777777777776	0.027777777777777776	0.027777777777777776	0.027777777777777776	0.027777777777777776	0.027777777777777776	0.027777777777777776	0.027777777777777776	0.027777777777777776	0.027777777777777776	0.027777777777777776
134	561fdaa41c48820ce88392bb	0.013888888888888888	0.013888888888888888	0.013888888888888888	0.013888888888888888	0.125	0.06944444444444445	0.125	0.013888888888888888	0.013888888888888888	0.125	0.013888888888888888	0.06944444444444445	0.013888888888888888	0.013888888888888888	0.013888888888888888	0.125	0.013888888888888888	0.18055555555555555	0.013888888888888888	0.013888888888888888
135	561fdaa41c48820ce88392bd	0.020833333333333332	0.020833333333333332	0.020833333333333332	0.020833333333333332	0.020833333333333332	0.10416666666666667	0.020833333333333332	0.020833333333333332	0.020833333333333332	0.10416666666666667	0.020833333333333332	0.020833333333333332	0.020833333333333332	0.020833333333333332	0.020833333333333332	0.4375	0.020833333333333332	0.020833333333333332	0.020833333333333332	0.020833333333333332
136	561fdaa41c48820ce88392be	0.13	0.01	0.01	0.29	0.09	0.13	0.01	0.01	0.01	0.01	0.01	0.05	0.01	0.05	0.01	0.13	0.01	0.01	0.01	0.01
137	561fdaa41c48820ce88392bf	0.17857142857142858	0.03571428571428571	0.03571428571428571	0.03571428571428571	0.03571428571428571	0.03571428571428571	0.03571428571428571	0.03571428571428571	0.03571428571428571	0.03571428571428571	0.03571428571428571	0.03571428571428571	0.03571428571428571	0.03571428571428571	0.03571428571428571	0.03571428571428571	0.03571428571428571	0.03571428571428571	0.03571428571428571	0.17857142857142858
138	561fdaa41c48820ce88392c0	0.03571428571428571	0.03571428571428571	0.03571428571428571	0.17857142857142858	0.03571428571428571	0.03571428571428571	0.03571428571428571	0.17857142857142858	0.03571428571428571	0.03571428571428571	0.03571428571428571	0.03571428571428571	0.03571428571428571	0.03571428571428571	0.03571428571428571	0.03571428571428571	0.03571428571428571	0.03571428571428571	0.03571428571428571	0.03571428571428571
139	561fdaa41c48820ce88392c1	0.00641025641025641	0.00641025641025641	0.00641025641025641	0.00641025641025641	0.46794871794871795	0.03205128205128205	0.057692307692307696	0.00641025641025641	0.00641025641025641	0.08333333333333333	0.00641025641025641	0.057692307692307696	0.03205128205128205	0.00641025641025641	0.00641025641025641	0.1858974358974359	0.00641025641025641	0.00641025641025641	0.00641025641025641	0.00641025641025641
140	561fdaa41c48820ce88392c2	0.010869565217391304	0.09782608695652174	0.010869565217391304	0.010869565217391304	0.18478260869565216	0.010869565217391304	0.22826086956521738	0.010869565217391304	0.05434782608695652	0.010869565217391304	0.010869565217391304	0.010869565217391304	0.010869565217391304	0.05434782608695652	0.010869565217391304	0.18478260869565216	0.010869565217391304	0.05434782608695652	0.010869565217391304	0.010869565217391304
141	561fdaa41c48820ce88392c3	0.008928571428571428	0.008928571428571428	0.008928571428571428	0.008928571428571428	0.08035714285714286	0.008928571428571428	0.22321428571428573	0.008928571428571428	0.044642857142857144	0.08035714285714286	0.15178571428571427	0.008928571428571428	0.008928571428571428	0.008928571428571428	0.008928571428571428	0.1875	0.008928571428571428	0.008928571428571428	0.008928571428571428	0.11607142857142858
142	561fdaa41c48820ce88392c5	0.28125	0.03125	0.03125	0.03125	0.03125	0.03125	0.03125	0.03125	0.03125	0.03125	0.03125	0.03125	0.03125	0.03125	0.03125	0.15625	0.03125	0.03125	0.03125	0.03125
143	561fdaa41c48820ce88392c6	0.027777777777777776	0.027777777777777776	0.027777777777777776	0.027777777777777776	0.1388888888888889	0.027777777777777776	0.25	0.027777777777777776	0.027777777777777776	0.027777777777777776	0.027777777777777776	0.027777777777777776	0.027777777777777776	0.027777777777777776	0.027777777777777776	0.027777777777777776	0.027777777777777776	0.1388888888888889	0.027777777777777776	0.027777777777777776
144	561fdaa41c48820ce88392c7	0.004629629629629629	0.004629629629629629	0.004629629629629629	0.004629629629629629	0.1527777777777778	0.1527777777777778	0.1527777777777778	0.13425925925925927	0.13425925925925927	0.004629629629629629	0.004629629629629629	0.004629629629629629	0.023148148148148147	0.004629629629629629	0.004629629629629629	0.004629629629629629	0.023148148148148147	0.1527777777777778	0.023148148148148147	0.004629629629629629
145	561fdaa41c48820ce88392c8	0.056818181818181816	0.011363636363636364	0.011363636363636364	0.011363636363636364	0.011363636363636364	0.10227272727272728	0.011363636363636364	0.011363636363636364	0.011363636363636364	0.011363636363636364	0.32954545454545453	0.011363636363636364	0.056818181818181816	0.011363636363636364	0.19318181818181818	0.011363636363636364	0.011363636363636364	0.011363636363636364	0.056818181818181816	0.056818181818181816
146	561fdaa41c48820ce88392ca	0.03125	0.03125	0.28125	0.03125	0.03125	0.03125	0.03125	0.03125	0.03125	0.03125	0.03125	0.03125	0.03125	0.03125	0.03125	0.15625	0.03125	0.03125	0.03125	0.03125
147	561fdaa41c48820ce88392cb	0.025	0.025	0.025	0.025	0.025	0.025	0.025	0.025	0.025	0.325	0.025	0.025	0.025	0.025	0.025	0.125	0.025	0.025	0.125	0.025
148	561fdaa41c48820ce88392cc	0.014705882352941176	0.014705882352941176	0.36764705882352944	0.014705882352941176	0.014705882352941176	0.014705882352941176	0.014705882352941176	0.014705882352941176	0.014705882352941176	0.014705882352941176	0.014705882352941176	0.014705882352941176	0.014705882352941176	0.014705882352941176	0.014705882352941176	0.014705882352941176	0.014705882352941176	0.014705882352941176	0.014705882352941176	0.36764705882352944
149	561fdaa41c48820ce88392cd	0.013888888888888888	0.013888888888888888	0.06944444444444445	0.06944444444444445	0.013888888888888888	0.06944444444444445	0.013888888888888888	0.5138888888888888	0.013888888888888888	0.013888888888888888	0.013888888888888888	0.013888888888888888	0.013888888888888888	0.013888888888888888	0.013888888888888888	0.013888888888888888	0.013888888888888888	0.013888888888888888	0.013888888888888888	0.06944444444444445
150	561fdaa41c48820ce88392cf	0.020833333333333332	0.020833333333333332	0.020833333333333332	0.020833333333333332	0.020833333333333332	0.020833333333333332	0.020833333333333332	0.020833333333333332	0.020833333333333332	0.020833333333333332	0.020833333333333332	0.020833333333333332	0.10416666666666667	0.020833333333333332	0.020833333333333332	0.020833333333333332	0.1875	0.020833333333333332	0.10416666666666667	0.2708333333333333
151	561fdaa41c48820ce88392d0	0.015625	0.015625	0.015625	0.078125	0.015625	0.015625	0.015625	0.140625	0.078125	0.015625	0.265625	0.015625	0.015625	0.015625	0.015625	0.078125	0.140625	0.015625	0.015625	0.015625
152	561fdaa41c48820ce88392d1	0.03571428571428571	0.03571428571428571	0.03571428571428571	0.03571428571428571	0.03571428571428571	0.03571428571428571	0.03571428571428571	0.03571428571428571	0.17857142857142858	0.03571428571428571	0.03571428571428571	0.17857142857142858	0.03571428571428571	0.03571428571428571	0.03571428571428571	0.03571428571428571	0.03571428571428571	0.03571428571428571	0.03571428571428571	0.03571428571428571
153	561fdaa41c48820ce88392d2	0.03571428571428571	0.03571428571428571	0.03571428571428571	0.03571428571428571	0.03571428571428571	0.03571428571428571	0.17857142857142858	0.03571428571428571	0.03571428571428571	0.03571428571428571	0.03571428571428571	0.03571428571428571	0.03571428571428571	0.03571428571428571	0.03571428571428571	0.17857142857142858	0.03571428571428571	0.03571428571428571	0.03571428571428571	0.03571428571428571
154	561fdaa41c48820ce88392d3	0.06944444444444445	0.06944444444444445	0.013888888888888888	0.06944444444444445	0.013888888888888888	0.013888888888888888	0.013888888888888888	0.013888888888888888	0.013888888888888888	0.013888888888888888	0.06944444444444445	0.013888888888888888	0.06944444444444445	0.013888888888888888	0.013888888888888888	0.4583333333333333	0.013888888888888888	0.013888888888888888	0.013888888888888888	0.013888888888888888
155	561fdaa41c48820ce88392d4	0.00641025641025641	0.03205128205128205	0.00641025641025641	0.10897435897435898	0.00641025641025641	0.1346153846153846	0.00641025641025641	0.08333333333333333	0.03205128205128205	0.00641025641025641	0.00641025641025641	0.00641025641025641	0.057692307692307696	0.08333333333333333	0.00641025641025641	0.28846153846153844	0.00641025641025641	0.00641025641025641	0.10897435897435898	0.00641025641025641
156	561fdaa41c48820ce88392d5	0.004807692307692308	0.0625	0.04326923076923077	0.02403846153846154	0.004807692307692308	0.004807692307692308	0.04326923076923077	0.02403846153846154	0.1778846153846154	0.10096153846153846	0.02403846153846154	0.004807692307692308	0.004807692307692308	0.02403846153846154	0.02403846153846154	0.21634615384615385	0.02403846153846154	0.02403846153846154	0.02403846153846154	0.13942307692307693
157	561fdaa41c48820ce88392d6	0.010869565217391304	0.010869565217391304	0.010869565217391304	0.05434782608695652	0.010869565217391304	0.010869565217391304	0.010869565217391304	0.18478260869565216	0.010869565217391304	0.010869565217391304	0.14130434782608695	0.010869565217391304	0.010869565217391304	0.010869565217391304	0.010869565217391304	0.31521739130434784	0.05434782608695652	0.010869565217391304	0.010869565217391304	0.09782608695652174
158	561fdaa41c48820ce88392d8	0.009259259259259259	0.009259259259259259	0.009259259259259259	0.009259259259259259	0.1574074074074074	0.009259259259259259	0.009259259259259259	0.009259259259259259	0.046296296296296294	0.009259259259259259	0.1574074074074074	0.009259259259259259	0.4166666666666667	0.046296296296296294	0.009259259259259259	0.009259259259259259	0.009259259259259259	0.009259259259259259	0.009259259259259259	0.046296296296296294
159	561fdaa41c48820ce88392d9	0.016666666666666666	0.15	0.016666666666666666	0.08333333333333333	0.15	0.016666666666666666	0.016666666666666666	0.016666666666666666	0.016666666666666666	0.016666666666666666	0.15	0.08333333333333333	0.08333333333333333	0.08333333333333333	0.016666666666666666	0.016666666666666666	0.016666666666666666	0.016666666666666666	0.016666666666666666	0.016666666666666666
160	561fdaa41c48820ce88392da	0.010869565217391304	0.05434782608695652	0.010869565217391304	0.010869565217391304	0.010869565217391304	0.010869565217391304	0.010869565217391304	0.010869565217391304	0.14130434782608695	0.14130434782608695	0.010869565217391304	0.05434782608695652	0.09782608695652174	0.010869565217391304	0.18478260869565216	0.010869565217391304	0.09782608695652174	0.010869565217391304	0.09782608695652174	0.010869565217391304
161	561fdaa41c48820ce88392db	0.003246753246753247	0.3409090909090909	0.003246753246753247	0.003246753246753247	0.04220779220779221	0.016233766233766232	0.003246753246753247	0.1331168831168831	0.1461038961038961	0.04220779220779221	0.016233766233766232	0.003246753246753247	0.003246753246753247	0.02922077922077922	0.003246753246753247	0.016233766233766232	0.02922077922077922	0.003246753246753247	0.003246753246753247	0.1590909090909091
162	561fdaa41c48820ce88392dd	0.03571428571428571	0.03571428571428571	0.03571428571428571	0.03571428571428571	0.03571428571428571	0.03571428571428571	0.03571428571428571	0.17857142857142858	0.03571428571428571	0.03571428571428571	0.03571428571428571	0.03571428571428571	0.03571428571428571	0.03571428571428571	0.03571428571428571	0.17857142857142858	0.03571428571428571	0.03571428571428571	0.03571428571428571	0.03571428571428571
163	561fdaa41c48820ce88392de	0.013888888888888888	0.013888888888888888	0.06944444444444445	0.013888888888888888	0.013888888888888888	0.013888888888888888	0.013888888888888888	0.2361111111111111	0.013888888888888888	0.18055555555555555	0.013888888888888888	0.013888888888888888	0.013888888888888888	0.125	0.013888888888888888	0.013888888888888888	0.125	0.06944444444444445	0.013888888888888888	0.013888888888888888
164	561fdaa41c48820ce88392df	0.016666666666666666	0.016666666666666666	0.016666666666666666	0.016666666666666666	0.016666666666666666	0.016666666666666666	0.2833333333333333	0.016666666666666666	0.016666666666666666	0.016666666666666666	0.016666666666666666	0.016666666666666666	0.08333333333333333	0.016666666666666666	0.016666666666666666	0.016666666666666666	0.08333333333333333	0.15	0.15	0.016666666666666666
165	561fdaa41c48820ce88392e0	0.014705882352941176	0.014705882352941176	0.014705882352941176	0.014705882352941176	0.014705882352941176	0.07352941176470588	0.07352941176470588	0.07352941176470588	0.014705882352941176	0.014705882352941176	0.07352941176470588	0.014705882352941176	0.014705882352941176	0.014705882352941176	0.4264705882352941	0.014705882352941176	0.07352941176470588	0.014705882352941176	0.014705882352941176	0.014705882352941176
166	561fdaa41c48820ce88392e1	0.025	0.025	0.025	0.025	0.325	0.025	0.125	0.025	0.025	0.025	0.125	0.025	0.025	0.025	0.025	0.025	0.025	0.025	0.025	0.025
167	561fdaa41c48820ce88392e2	0.005	0.005	0.145	0.005	0.005	0.025	0.025	0.005	0.005	0.005	0.005	0.005	0.005	0.285	0.025	0.025	0.185	0.185	0.045	0.005
168	561fdaa41c48820ce88392e3	0.002777777777777778	0.002777777777777778	0.058333333333333334	0.002777777777777778	0.03611111111111111	0.002777777777777778	0.002777777777777778	0.058333333333333334	0.002777777777777778	0.325	0.002777777777777778	0.002777777777777778	0.013888888888888888	0.002777777777777778	0.44722222222222224	0.025	0.002777777777777778	0.002777777777777778	0.002777777777777778	0.002777777777777778
169	561fdaa41c48820ce88392e4	0.0043859649122807015	0.0043859649122807015	0.039473684210526314	0.0043859649122807015	0.021929824561403508	0.021929824561403508	0.07456140350877193	0.039473684210526314	0.0043859649122807015	0.42543859649122806	0.0043859649122807015	0.039473684210526314	0.0043859649122807015	0.07456140350877193	0.039473684210526314	0.039473684210526314	0.0043859649122807015	0.14473684210526316	0.0043859649122807015	0.0043859649122807015
170	561fdaa41c48820ce88392e5	0.013888888888888888	0.013888888888888888	0.125	0.013888888888888888	0.013888888888888888	0.013888888888888888	0.013888888888888888	0.013888888888888888	0.013888888888888888	0.013888888888888888	0.125	0.013888888888888888	0.013888888888888888	0.013888888888888888	0.4583333333333333	0.013888888888888888	0.06944444444444445	0.013888888888888888	0.013888888888888888	0.013888888888888888
171	561fdaa41c48820ce88392e6	0.003289473684210526	0.01644736842105263	0.029605263157894735	0.1611842105263158	0.003289473684210526	0.003289473684210526	0.05592105263157895	0.029605263157894735	0.003289473684210526	0.2138157894736842	0.003289473684210526	0.003289473684210526	0.09539473684210527	0.003289473684210526	0.26644736842105265	0.01644736842105263	0.003289473684210526	0.029605263157894735	0.003289473684210526	0.05592105263157895
172	561fdaa41c48820ce88392e7	0.004807692307692308	0.004807692307692308	0.004807692307692308	0.21634615384615385	0.02403846153846154	0.04326923076923077	0.004807692307692308	0.15865384615384615	0.004807692307692308	0.15865384615384615	0.004807692307692308	0.02403846153846154	0.04326923076923077	0.0625	0.004807692307692308	0.04326923076923077	0.004807692307692308	0.08173076923076923	0.004807692307692308	0.10096153846153846
173	561fdaa41c48820ce88392e9	0.015625	0.015625	0.015625	0.078125	0.078125	0.015625	0.078125	0.015625	0.140625	0.015625	0.015625	0.015625	0.015625	0.015625	0.015625	0.015625	0.078125	0.328125	0.015625	0.015625
174	561fdaa41c48820ce88392ea	0.020833333333333332	0.020833333333333332	0.020833333333333332	0.020833333333333332	0.020833333333333332	0.020833333333333332	0.020833333333333332	0.020833333333333332	0.020833333333333332	0.020833333333333332	0.020833333333333332	0.020833333333333332	0.020833333333333332	0.10416666666666667	0.020833333333333332	0.020833333333333332	0.020833333333333332	0.4375	0.020833333333333332	0.10416666666666667
175	561fdaa41c48820ce88392eb	0.17857142857142858	0.03571428571428571	0.03571428571428571	0.03571428571428571	0.03571428571428571	0.03571428571428571	0.03571428571428571	0.03571428571428571	0.03571428571428571	0.03571428571428571	0.03571428571428571	0.03571428571428571	0.03571428571428571	0.03571428571428571	0.03571428571428571	0.03571428571428571	0.03571428571428571	0.17857142857142858	0.03571428571428571	0.03571428571428571
176	561fdaa41c48820ce88392ec	0.003472222222222222	0.003472222222222222	0.003472222222222222	0.003472222222222222	0.003472222222222222	0.059027777777777776	0.3229166666666667	0.003472222222222222	0.017361111111111112	0.017361111111111112	0.059027777777777776	0.04513888888888889	0.003472222222222222	0.07291666666666667	0.017361111111111112	0.15625	0.003472222222222222	0.017361111111111112	0.003472222222222222	0.1840277777777778
177	561fdaa41c48820ce88392ed	0.004032258064516129	0.020161290322580645	0.004032258064516129	0.004032258064516129	0.004032258064516129	0.004032258064516129	0.06854838709677419	0.020161290322580645	0.036290322580645164	0.14919354838709678	0.004032258064516129	0.05241935483870968	0.004032258064516129	0.21370967741935484	0.020161290322580645	0.11693548387096774	0.020161290322580645	0.21370967741935484	0.036290322580645164	0.004032258064516129
178	561fdaa41c48820ce88392ef	0.022727272727272728	0.022727272727272728	0.022727272727272728	0.022727272727272728	0.11363636363636363	0.022727272727272728	0.20454545454545456	0.022727272727272728	0.022727272727272728	0.022727272727272728	0.11363636363636363	0.022727272727272728	0.022727272727272728	0.022727272727272728	0.022727272727272728	0.022727272727272728	0.11363636363636363	0.11363636363636363	0.022727272727272728	0.022727272727272728
179	561fdaa41c48820ce88392f0	0.020833333333333332	0.10416666666666667	0.10416666666666667	0.1875	0.020833333333333332	0.020833333333333332	0.020833333333333332	0.020833333333333332	0.020833333333333332	0.020833333333333332	0.020833333333333332	0.10416666666666667	0.10416666666666667	0.020833333333333332	0.10416666666666667	0.020833333333333332	0.020833333333333332	0.020833333333333332	0.020833333333333332	0.020833333333333332
180	561fdaa41c48820ce88392f1	0.005319148936170213	0.026595744680851064	0.005319148936170213	0.005319148936170213	0.005319148936170213	0.005319148936170213	0.17553191489361702	0.005319148936170213	0.005319148936170213	0.005319148936170213	0.28191489361702127	0.005319148936170213	0.026595744680851064	0.005319148936170213	0.005319148936170213	0.005319148936170213	0.005319148936170213	0.324468085106383	0.06914893617021277	0.026595744680851064
181	561fdaa41c48820ce88392f2	0.008928571428571428	0.008928571428571428	0.044642857142857144	0.008928571428571428	0.15178571428571427	0.008928571428571428	0.08035714285714286	0.008928571428571428	0.008928571428571428	0.008928571428571428	0.33035714285714285	0.008928571428571428	0.008928571428571428	0.044642857142857144	0.008928571428571428	0.1875	0.008928571428571428	0.044642857142857144	0.008928571428571428	0.008928571428571428
182	561fdaa41c48820ce88392f4	0.0037313432835820895	0.09328358208955224	0.0037313432835820895	0.018656716417910446	0.07835820895522388	0.09328358208955224	0.0037313432835820895	0.0037313432835820895	0.018656716417910446	0.018656716417910446	0.0037313432835820895	0.0037313432835820895	0.06343283582089553	0.018656716417910446	0.033582089552238806	0.0037313432835820895	0.16791044776119404	0.033582089552238806	0.018656716417910446	0.31716417910447764
183	561fdaa41c48820ce88392f5	0.01	0.01	0.01	0.01	0.01	0.01	0.01	0.17	0.01	0.01	0.09	0.01	0.09	0.01	0.01	0.01	0.21	0.09	0.01	0.21
184	561fdaa41c48820ce88392f6	0.1875	0.020833333333333332	0.020833333333333332	0.020833333333333332	0.020833333333333332	0.2708333333333333	0.020833333333333332	0.020833333333333332	0.020833333333333332	0.020833333333333332	0.10416666666666667	0.020833333333333332	0.10416666666666667	0.020833333333333332	0.020833333333333332	0.020833333333333332	0.020833333333333332	0.020833333333333332	0.020833333333333332	0.020833333333333332
185	561fdaa41c48820ce88392f8	0.03571428571428571	0.03571428571428571	0.03571428571428571	0.03571428571428571	0.03571428571428571	0.03571428571428571	0.17857142857142858	0.17857142857142858	0.03571428571428571	0.03571428571428571	0.03571428571428571	0.03571428571428571	0.03571428571428571	0.03571428571428571	0.03571428571428571	0.03571428571428571	0.03571428571428571	0.03571428571428571	0.03571428571428571	0.03571428571428571
186	561fdaa41c48820ce88392f9	0.025	0.025	0.025	0.025	0.025	0.125	0.025	0.025	0.025	0.025	0.025	0.025	0.025	0.025	0.025	0.025	0.125	0.025	0.225	0.125
187	561fdaa41c48820ce88392fa	0.025	0.025	0.025	0.025	0.025	0.025	0.025	0.025	0.325	0.125	0.025	0.025	0.025	0.025	0.025	0.025	0.025	0.025	0.025	0.125
188	561fdaa41c48820ce88392fb	0.390625	0.015625	0.078125	0.015625	0.015625	0.015625	0.015625	0.015625	0.015625	0.015625	0.015625	0.015625	0.078125	0.015625	0.015625	0.015625	0.015625	0.015625	0.203125	0.015625
189	561fdaa41c48820ce88392fc	0.625	0.04807692307692308	0.009615384615384616	0.009615384615384616	0.009615384615384616	0.009615384615384616	0.009615384615384616	0.009615384615384616	0.009615384615384616	0.009615384615384616	0.16346153846153846	0.009615384615384616	0.009615384615384616	0.009615384615384616	0.009615384615384616	0.009615384615384616	0.009615384615384616	0.009615384615384616	0.009615384615384616	0.009615384615384616
190	561fdaa41c48820ce88392fd	0.04807692307692308	0.16346153846153846	0.009615384615384616	0.009615384615384616	0.04807692307692308	0.009615384615384616	0.125	0.16346153846153846	0.009615384615384616	0.009615384615384616	0.27884615384615385	0.009615384615384616	0.009615384615384616	0.009615384615384616	0.009615384615384616	0.04807692307692308	0.009615384615384616	0.009615384615384616	0.009615384615384616	0.009615384615384616
191	561fdaa41c48820ce88392fe	0.3310810810810811	0.19594594594594594	0.006756756756756757	0.006756756756756757	0.006756756756756757	0.11486486486486487	0.11486486486486487	0.08783783783783784	0.006756756756756757	0.006756756756756757	0.006756756756756757	0.006756756756756757	0.033783783783783786	0.006756756756756757	0.006756756756756757	0.033783783783783786	0.006756756756756757	0.006756756756756757	0.006756756756756757	0.006756756756756757
192	561fdaa41c48820ce88392ff	0.05952380952380952	0.011904761904761904	0.011904761904761904	0.011904761904761904	0.011904761904761904	0.05952380952380952	0.15476190476190477	0.2976190476190476	0.011904761904761904	0.10714285714285714	0.011904761904761904	0.05952380952380952	0.011904761904761904	0.011904761904761904	0.011904761904761904	0.05952380952380952	0.05952380952380952	0.011904761904761904	0.011904761904761904	0.011904761904761904
193	561fdaa41c48820ce8839301	0.006097560975609756	0.006097560975609756	0.03048780487804878	0.006097560975609756	0.006097560975609756	0.03048780487804878	0.006097560975609756	0.006097560975609756	0.03048780487804878	0.006097560975609756	0.20121951219512196	0.03048780487804878	0.006097560975609756	0.03048780487804878	0.4695121951219512	0.10365853658536585	0.006097560975609756	0.006097560975609756	0.006097560975609756	0.006097560975609756
194	561fdaa41c48820ce8839302	0.008620689655172414	0.008620689655172414	0.14655172413793102	0.008620689655172414	0.11206896551724138	0.04310344827586207	0.008620689655172414	0.008620689655172414	0.008620689655172414	0.008620689655172414	0.07758620689655173	0.008620689655172414	0.008620689655172414	0.008620689655172414	0.45689655172413796	0.008620689655172414	0.008620689655172414	0.008620689655172414	0.04310344827586207	0.008620689655172414
195	561fdaa41c48820ce8839304	0.11607142857142858	0.044642857142857144	0.008928571428571428	0.008928571428571428	0.044642857142857144	0.008928571428571428	0.008928571428571428	0.008928571428571428	0.044642857142857144	0.008928571428571428	0.08035714285714286	0.29464285714285715	0.008928571428571428	0.008928571428571428	0.008928571428571428	0.15178571428571427	0.008928571428571428	0.008928571428571428	0.008928571428571428	0.11607142857142858
196	561fdaa41c48820ce8839305	0.125	0.5274390243902439	0.003048780487804878	0.01524390243902439	0.06402439024390244	0.003048780487804878	0.003048780487804878	0.01524390243902439	0.07621951219512195	0.003048780487804878	0.003048780487804878	0.003048780487804878	0.003048780487804878	0.003048780487804878	0.039634146341463415	0.039634146341463415	0.01524390243902439	0.003048780487804878	0.051829268292682924	0.003048780487804878
197	561fdaa41c48820ce8839306	0.1640625	0.0078125	0.0078125	0.0390625	0.0390625	0.0703125	0.0078125	0.0078125	0.0078125	0.0390625	0.1015625	0.2265625	0.2265625	0.0078125	0.0078125	0.0078125	0.0078125	0.0078125	0.0078125	0.0078125
198	561fdaa41c48820ce8839308	0.025	0.025	0.025	0.025	0.025	0.025	0.025	0.025	0.025	0.425	0.025	0.025	0.025	0.025	0.025	0.025	0.125	0.025	0.025	0.025
199	561fdaa41c48820ce8839309	0.007575757575757576	0.007575757575757576	0.007575757575757576	0.03787878787878788	0.007575757575757576	0.007575757575757576	0.007575757575757576	0.007575757575757576	0.007575757575757576	0.1590909090909091	0.12878787878787878	0.09848484848484848	0.007575757575757576	0.06818181818181818	0.03787878787878788	0.06818181818181818	0.09848484848484848	0.12878787878787878	0.09848484848484848	0.007575757575757576
200	561fdaa41c48820ce883930a	0.03125	0.03125	0.03125	0.03125	0.03125	0.03125	0.03125	0.03125	0.03125	0.28125	0.03125	0.03125	0.03125	0.03125	0.03125	0.03125	0.03125	0.15625	0.03125	0.03125
201	561fdaa41c48820ce883930c	0.07720588235294118	0.003676470588235294	0.003676470588235294	0.003676470588235294	0.003676470588235294	0.003676470588235294	0.003676470588235294	0.003676470588235294	0.003676470588235294	0.01838235294117647	0.0625	0.4742647058823529	0.03308823529411765	0.003676470588235294	0.003676470588235294	0.01838235294117647	0.04779411764705882	0.16544117647058823	0.0625	0.003676470588235294
202	561fdaa41c48820ce883930d	0.07366071428571429	0.046875	0.011160714285714286	0.046875	0.22544642857142858	0.002232142857142857	0.002232142857142857	0.002232142857142857	0.234375	0.002232142857142857	0.002232142857142857	0.011160714285714286	0.03794642857142857	0.15401785714285715	0.002232142857142857	0.002232142857142857	0.002232142857142857	0.08258928571428571	0.03794642857142857	0.020089285714285716
203	561fdaa41c48820ce883930f	0.005555555555555556	0.05	0.005555555555555556	0.005555555555555556	0.09444444444444444	0.005555555555555556	0.09444444444444444	0.20555555555555555	0.027777777777777776	0.005555555555555556	0.005555555555555556	0.20555555555555555	0.005555555555555556	0.09444444444444444	0.005555555555555556	0.005555555555555556	0.005555555555555556	0.027777777777777776	0.005555555555555556	0.1388888888888889
204	561fdaa41c48820ce8839310	0.00641025641025641	0.00641025641025641	0.00641025641025641	0.00641025641025641	0.00641025641025641	0.00641025641025641	0.00641025641025641	0.08333333333333333	0.00641025641025641	0.08333333333333333	0.00641025641025641	0.33974358974358976	0.03205128205128205	0.00641025641025641	0.00641025641025641	0.03205128205128205	0.16025641025641027	0.057692307692307696	0.10897435897435898	0.03205128205128205
205	561fdaa41c48820ce8839311	0.004807692307692308	0.004807692307692308	0.004807692307692308	0.004807692307692308	0.004807692307692308	0.1778846153846154	0.02403846153846154	0.1201923076923077	0.004807692307692308	0.004807692307692308	0.13942307692307693	0.46634615384615385	0.004807692307692308	0.004807692307692308	0.004807692307692308	0.004807692307692308	0.004807692307692308	0.004807692307692308	0.004807692307692308	0.004807692307692308
206	561fdaa41c48820ce8839313	0.016423357664233577	0.0018248175182481751	0.0018248175182481751	0.0018248175182481751	0.009124087591240875	0.4251824817518248	0.08211678832116788	0.0018248175182481751	0.009124087591240875	0.0018248175182481751	0.0018248175182481751	0.0018248175182481751	0.05291970802919708	0.0018248175182481751	0.0018248175182481751	0.0018248175182481751	0.03102189781021898	0.0018248175182481751	0.060218978102189784	0.2937956204379562
207	561fdaa41c48820ce8839314	0.005555555555555556	0.07222222222222222	0.005555555555555556	0.005555555555555556	0.005555555555555556	0.49444444444444446	0.005555555555555556	0.005555555555555556	0.005555555555555556	0.005555555555555556	0.027777777777777776	0.005555555555555556	0.05	0.027777777777777776	0.027777777777777776	0.005555555555555556	0.005555555555555556	0.05	0.005555555555555556	0.18333333333333332
208	561fdaa41c48820ce8839315	0.005813953488372093	0.12209302325581395	0.005813953488372093	0.005813953488372093	0.005813953488372093	0.3081395348837209	0.0755813953488372	0.029069767441860465	0.09883720930232558	0.029069767441860465	0.005813953488372093	0.12209302325581395	0.005813953488372093	0.029069767441860465	0.029069767441860465	0.005813953488372093	0.029069767441860465	0.005813953488372093	0.005813953488372093	0.0755813953488372
209	561fdaa41c48820ce8839317	0.022727272727272728	0.022727272727272728	0.29545454545454547	0.022727272727272728	0.022727272727272728	0.022727272727272728	0.022727272727272728	0.11363636363636363	0.022727272727272728	0.20454545454545456	0.022727272727272728	0.022727272727272728	0.022727272727272728	0.022727272727272728	0.022727272727272728	0.022727272727272728	0.022727272727272728	0.022727272727272728	0.022727272727272728	0.022727272727272728
210	561fdaa41c48820ce8839318	0.009615384615384616	0.009615384615384616	0.3557692307692308	0.16346153846153846	0.04807692307692308	0.009615384615384616	0.009615384615384616	0.009615384615384616	0.125	0.08653846153846154	0.009615384615384616	0.009615384615384616	0.009615384615384616	0.08653846153846154	0.009615384615384616	0.009615384615384616	0.009615384615384616	0.009615384615384616	0.009615384615384616	0.009615384615384616
211	561fdaa41c48820ce8839319	0.006578947368421052	0.006578947368421052	0.24342105263157895	0.006578947368421052	0.16447368421052633	0.05921052631578947	0.08552631578947369	0.006578947368421052	0.006578947368421052	0.006578947368421052	0.03289473684210526	0.08552631578947369	0.03289473684210526	0.006578947368421052	0.006578947368421052	0.08552631578947369	0.05921052631578947	0.08552631578947369	0.006578947368421052	0.006578947368421052
212	561fdaa41c48820ce883931a	0.0022123893805309734	0.0022123893805309734	0.7101769911504425	0.0022123893805309734	0.0022123893805309734	0.25	0.0022123893805309734	0.0022123893805309734	0.0022123893805309734	0.0022123893805309734	0.0022123893805309734	0.0022123893805309734	0.0022123893805309734	0.0022123893805309734	0.0022123893805309734	0.0022123893805309734	0.0022123893805309734	0.0022123893805309734	0.0022123893805309734	0.0022123893805309734
213	561fdaa41c48820ce883931b	0.0024752475247524753	0.08168316831683169	0.2995049504950495	0.022277227722772276	0.06188118811881188	0.022277227722772276	0.0024752475247524753	0.0024752475247524753	0.012376237623762377	0.0024752475247524753	0.0024752475247524753	0.0024752475247524753	0.1311881188118812	0.0024752475247524753	0.022277227722772276	0.10148514851485149	0.012376237623762377	0.05198019801980198	0.0024752475247524753	0.1608910891089109
214	561fdaa41c48820ce883931d	0.10119047619047619	0.005952380952380952	0.05357142857142857	0.005952380952380952	0.22023809523809523	0.005952380952380952	0.005952380952380952	0.17261904761904762	0.005952380952380952	0.10119047619047619	0.005952380952380952	0.005952380952380952	0.005952380952380952	0.02976190476190476	0.005952380952380952	0.005952380952380952	0.24404761904761904	0.005952380952380952	0.005952380952380952	0.005952380952380952
215	561fdaa41c48820ce883931e	0.0125	0.0125	0.0125	0.0125	0.0125	0.0125	0.0125	0.0125	0.0125	0.5125	0.1625	0.0125	0.0125	0.0125	0.0125	0.1125	0.0125	0.0125	0.0125	0.0125
216	561fdaa41c48820ce8839320	0.10416666666666667	0.020833333333333332	0.020833333333333332	0.020833333333333332	0.10416666666666667	0.020833333333333332	0.020833333333333332	0.020833333333333332	0.020833333333333332	0.020833333333333332	0.020833333333333332	0.020833333333333332	0.020833333333333332	0.020833333333333332	0.1875	0.020833333333333332	0.020833333333333332	0.1875	0.020833333333333332	0.10416666666666667
217	561fdaa41c48820ce8839321	0.08928571428571429	0.017857142857142856	0.017857142857142856	0.08928571428571429	0.017857142857142856	0.017857142857142856	0.017857142857142856	0.017857142857142856	0.017857142857142856	0.017857142857142856	0.017857142857142856	0.017857142857142856	0.017857142857142856	0.017857142857142856	0.08928571428571429	0.017857142857142856	0.017857142857142856	0.08928571428571429	0.30357142857142855	0.08928571428571429
218	561fdaa41c48820ce8839322	0.022727272727272728	0.022727272727272728	0.022727272727272728	0.11363636363636363	0.022727272727272728	0.022727272727272728	0.022727272727272728	0.022727272727272728	0.022727272727272728	0.022727272727272728	0.022727272727272728	0.022727272727272728	0.022727272727272728	0.4772727272727273	0.022727272727272728	0.022727272727272728	0.022727272727272728	0.022727272727272728	0.022727272727272728	0.022727272727272728
219	561fdaa41c48820ce8839323	0.020833333333333332	0.020833333333333332	0.020833333333333332	0.1875	0.020833333333333332	0.020833333333333332	0.020833333333333332	0.020833333333333332	0.020833333333333332	0.020833333333333332	0.020833333333333332	0.020833333333333332	0.020833333333333332	0.2708333333333333	0.1875	0.020833333333333332	0.020833333333333332	0.020833333333333332	0.020833333333333332	0.020833333333333332
220	561fdaa41c48820ce8839324	0.022727272727272728	0.022727272727272728	0.022727272727272728	0.022727272727272728	0.022727272727272728	0.11363636363636363	0.022727272727272728	0.022727272727272728	0.20454545454545456	0.022727272727272728	0.022727272727272728	0.11363636363636363	0.022727272727272728	0.022727272727272728	0.022727272727272728	0.022727272727272728	0.022727272727272728	0.022727272727272728	0.20454545454545456	0.022727272727272728
221	561fdaa41c48820ce8839325	0.065625	0.003125	0.015625	0.090625	0.003125	0.003125	0.103125	0.003125	0.003125	0.015625	0.028125	0.015625	0.040625	0.003125	0.015625	0.028125	0.115625	0.440625	0.003125	0.003125
222	561fdaa41c48820ce8839326	0.005208333333333333	0.005208333333333333	0.005208333333333333	0.2552083333333333	0.005208333333333333	0.005208333333333333	0.005208333333333333	0.026041666666666668	0.046875	0.005208333333333333	0.005208333333333333	0.005208333333333333	0.109375	0.06770833333333333	0.005208333333333333	0.026041666666666668	0.046875	0.3177083333333333	0.005208333333333333	0.046875
223	561fdaa41c48820ce8839328	0.013888888888888888	0.013888888888888888	0.4583333333333333	0.013888888888888888	0.125	0.06944444444444445	0.013888888888888888	0.013888888888888888	0.013888888888888888	0.013888888888888888	0.06944444444444445	0.013888888888888888	0.013888888888888888	0.013888888888888888	0.013888888888888888	0.013888888888888888	0.013888888888888888	0.06944444444444445	0.013888888888888888	0.013888888888888888
224	561fdaa41c48820ce8839329	0.08333333333333333	0.00641025641025641	0.4935897435897436	0.00641025641025641	0.00641025641025641	0.00641025641025641	0.00641025641025641	0.00641025641025641	0.00641025641025641	0.00641025641025641	0.00641025641025641	0.057692307692307696	0.10897435897435898	0.00641025641025641	0.00641025641025641	0.00641025641025641	0.10897435897435898	0.00641025641025641	0.00641025641025641	0.057692307692307696
225	561fdaa41c48820ce883932a	0.0125	0.0125	0.4125	0.0125	0.0125	0.0625	0.1125	0.0125	0.0125	0.0625	0.0125	0.1125	0.0125	0.0125	0.0125	0.0625	0.0125	0.0125	0.0125	0.0125
226	561fdaa41c48820ce883932b	0.0022123893805309734	0.0022123893805309734	0.6924778761061947	0.0022123893805309734	0.0022123893805309734	0.2588495575221239	0.011061946902654867	0.0022123893805309734	0.0022123893805309734	0.0022123893805309734	0.0022123893805309734	0.0022123893805309734	0.0022123893805309734	0.0022123893805309734	0.0022123893805309734	0.0022123893805309734	0.0022123893805309734	0.0022123893805309734	0.0022123893805309734	0.0022123893805309734
227	561fdaa41c48820ce883932d	0.027777777777777776	0.027777777777777776	0.027777777777777776	0.027777777777777776	0.1388888888888889	0.027777777777777776	0.027777777777777776	0.027777777777777776	0.027777777777777776	0.027777777777777776	0.027777777777777776	0.027777777777777776	0.027777777777777776	0.1388888888888889	0.027777777777777776	0.027777777777777776	0.25	0.027777777777777776	0.027777777777777776	0.027777777777777776
228	561fdaa41c48820ce883932e	0.013157894736842105	0.013157894736842105	0.013157894736842105	0.06578947368421052	0.11842105263157894	0.013157894736842105	0.013157894736842105	0.013157894736842105	0.3815789473684211	0.06578947368421052	0.013157894736842105	0.11842105263157894	0.013157894736842105	0.013157894736842105	0.013157894736842105	0.013157894736842105	0.013157894736842105	0.06578947368421052	0.013157894736842105	0.013157894736842105
229	561fdaa41c48820ce883932f	0.01	0.01	0.01	0.01	0.01	0.29	0.01	0.01	0.01	0.01	0.17	0.01	0.01	0.01	0.05	0.09	0.13	0.01	0.05	0.09
230	561fdaa41c48820ce8839330	0.005	0.045	0.005	0.125	0.005	0.065	0.105	0.005	0.005	0.145	0.005	0.185	0.025	0.005	0.045	0.145	0.005	0.065	0.005	0.005
231	561fdaa41c48820ce8839331	0.006756756756756757	0.27702702702702703	0.006756756756756757	0.006756756756756757	0.006756756756756757	0.006756756756756757	0.033783783783783786	0.14189189189189189	0.006756756756756757	0.006756756756756757	0.060810810810810814	0.22297297297297297	0.006756756756756757	0.006756756756756757	0.006756756756756757	0.060810810810810814	0.006756756756756757	0.033783783783783786	0.033783783783783786	0.060810810810810814
232	561fdaa41c48820ce8839333	0.002066115702479339	0.01859504132231405	0.026859504132231406	0.002066115702479339	0.05165289256198347	0.002066115702479339	0.09297520661157024	0.002066115702479339	0.6053719008264463	0.010330578512396695	0.002066115702479339	0.05165289256198347	0.04338842975206612	0.002066115702479339	0.002066115702479339	0.026859504132231406	0.026859504132231406	0.026859504132231406	0.002066115702479339	0.002066115702479339
233	561fdaa41c48820ce8839334	0.06428571428571428	0.03571428571428571	0.007142857142857143	0.007142857142857143	0.2357142857142857	0.007142857142857143	0.007142857142857143	0.03571428571428571	0.4928571428571429	0.007142857142857143	0.007142857142857143	0.007142857142857143	0.007142857142857143	0.007142857142857143	0.007142857142857143	0.03571428571428571	0.007142857142857143	0.007142857142857143	0.007142857142857143	0.007142857142857143
234	561fdaa41c48820ce8839335	0.004901960784313725	0.004901960784313725	0.004901960784313725	0.004901960784313725	0.08333333333333333	0.004901960784313725	0.004901960784313725	0.004901960784313725	0.10294117647058823	0.024509803921568627	0.45588235294117646	0.024509803921568627	0.04411764705882353	0.12254901960784313	0.004901960784313725	0.024509803921568627	0.004901960784313725	0.06372549019607843	0.004901960784313725	0.004901960784313725
